function cal= ampk_calc(Glup,fAA,fFA)


cal = 0.00080047*Glup+0.00032551*Glup*fFA+-0.00010644*Glup*fFA^2+1.8024e-05*Glup*fFA^3+-4.4251e-05*Glup*fFA^4+0.015201*Glup*fAA+...
    -0.0017333*Glup*fAA*fFA+-0.00024513*Glup*fAA*fFA^2+6.1685e-05*Glup*fAA*fFA^3+-0.029147*Glup*fAA^2+0.0021133*Glup*fAA^2*fFA+...
    0.0001075*Glup*fAA^2*fFA^2+0.02488*Glup*fAA^3+-0.00085382*Glup*fAA^3*fFA+-0.0074866*Glup*fAA^4+-1.2151e-05*Glup^2+...
    2.9006e-06*Glup^2*fFA+2.4639e-07*Glup^2*fFA^2+2.3268e-07*Glup^2*fFA^3+-1.2795e-05*Glup^2*fAA+3.1562e-07*Glup^2*fAA*fFA+...
    -2.2142e-07*Glup^2*fAA*fFA^2+-5.1283e-06*Glup^2*fAA^2+1.3108e-07*Glup^2*fAA^2*fFA+3.1215e-06*Glup^2*fAA^3+3.9757e-08*Glup^3+...
    -8.1338e-09*Glup^3*fFA+-6.4557e-10*Glup^3*fFA^2+3.5329e-08*Glup^3*fAA+-1.2752e-10*Glup^3*fAA*fFA+-1.6241e-09*Glup^3*fAA^2+...
    -6.7158e-11*Glup^4+6.9009e-12*Glup^4*fFA+-2.3282e-11*Glup^4*fAA+0*1+4.074e-14*Glup^5+0*fAA^5+0.0017217*fFA^5;

end
